_C_7c31_5fb2197b_c c4 0 3 0 0 3 
_C_7c31_5fb2197b_b c4 0 3 0 0 2 
_C_7c31_5fb2197b_11 c4 0 3 0 0 1 
_C_7c31_5fb2197b_19 84 0 8 0 0 80 
_C_7c31_5fb2197b_d 84 0 8 0 0 42 
_C_7c31_5fb2197b_4 94 0 40 0 0 0 0 0 
_C_7c31_5fb2197b_31 cc 0 108 1 0 66616365 0 6e746572 0 4f432069 0 6865204e 0 6f6d2074 0 64206672 0 20726561 0 6f742061 0 47 
_C_7c31_5fb2197b_1f 8c 0 168 0 0 64202578 0 65637465 0 20657870 0 74202578 0 2e20476f 0 726f6e67 0 64652077 0 7220636f 0 6572726f 0 74656420 0 78706563 0 45 
_C_7c31_5fb2197b_18 84 0 8 0 0 50 
_C_7c31_5fb2197b_24 8c 0 88 0 0 6f636b73 0 6620636c 0 7574206f 0 616e206f 0 72 
_C_7c31_5fb2197b_e 84 0 8 0 0 78 
_C_7c31_5fb2197b_33 cc 0 e8 1 0 6f6e7365 0 72657370 0 65616420 0 6f6e2072 0 726f7220 0 6e206572 0 6f742061 0 47 
_C_7c31_5fb2197b_25 8c 0 150 0 0 2e747874 0 65737473 0 6c655f74 0 6d6f6475 0 6861335f 0 32302f73 0 37322f66 0 69732f32 0 6d6f7272 0 6f6d652f 0 2f68 
_C_7c31_5fb2197b_26 8c 0 8 0 0 72 
_C_7c31_5fb2197b_14 8c 0 60 0 0 31666e73 0 2025382e 0 20206174 
_C_7c31_5fb2197b_30 9c 0 20 0 40240000 
_C_7c31_5fb2197b_1e 8c 0 148 0 0 71202564 0 78207365 0 20253038 0 63746564 0 65787065 0 38782c20 0 64202530 0 65697665 0 20726563 0 72726f72 0 45 
_C_7c31_5fb2197b_22 8c 0 f8 0 0 78202578 0 67652025 0 65737361 0 6564206d 0 70656374 0 756e6578 0 20616e20 0 476f74 
_C_7c31_5fb2197b_21 8c 0 198 0 0 74202578 0 2c20676f 0 64202578 0 65637465 0 20457870 0 72657370 0 69746520 0 6e207772 0 6f72206f 0 20657272 0 6e677468 0 61206c65 0 446174 
_C_7c31_5fb2197b_32 cc 0 110 1 0 66616365 0 6e746572 0 4f432069 0 6865204e 0 6f6d2074 0 65206672 0 77726974 0 74206120 0 476f 
_C_7c31_5fb2197b_16 8c 0 190 0 0 2d0a0a0a 0 2d202d20 0 2d202d20 0 2d202d20 0 2d202d20 0 72202d20 0 4572726f 0 2d202d20 0 2d202d20 0 2d202d20 0 2d202d20 0 2d202d20 0 2d20 
_C_7c31_5fb2197b_1a 84 0 8 0 0 f0 
_C_7c31_5fb2197b_13 8c 0 190 0 0 202d202d 0 202d202d 0 202d202d 0 202d202d 0 202d202d 0 72726f72 0 202d2045 0 202d202d 0 202d202d 0 202d202d 0 202d202d 0 a2d202d 0 a0a 
_C_7c31_5fb2197b_a 84 0 4 0 0 0 
_C_7c31_5fb2197b_2f cc 0 188 1 0 73616765 0 206d6573 0 7420696e 0 6e206e6f 0 20776865 0 66616365 0 6e746572 0 4f432069 0 6f6d204e 0 6c206672 0 6e74726f 0 6f20636f 0 4e 
_C_7c31_5fb2197b_1 84 0 5 0 0 0 
_C_7c31_5fb2197b_2 84 0 2 0 0 0 
_C_7c31_5fb2197b_6 84 0 3 0 0 0 
_C_7c31_5fb2197b_3 84 0 2 0 0 1 
_C_7c31_5fb2197b_27 8c 0 48 0 0 64202578 0 2a632025 0 25 
_C_7c31_5fb2197b_12 84 0 8 0 0 5 
_C_7c31_5fb2197b_9 84 0 8 0 0 0 
_C_7c31_5fb2197b_20 8c 0 108 0 0 74202578 0 2c20676f 0 6e202578 0 6561736f 0 6f722072 0 20657272 0 74696e67 0 78706563 0 45 
_C_7c31_5fb2197b_29 8c 0 1d0 0 0 6c656674 0 656d7320 0 64206974 0 20202025 0 6b730a20 0 636c6f63 0 30303020 0 2031302c 0 7420696e 0 64206f75 0 75736865 0 74612070 0 6c206461 0 7420616c 0 6e6f 
_C_7c31_5fb2197b_7 8c 0 268 0 0 696d650a 0 6d652074 0 65207361 0 74207468 0 73652061 0 73706f6e 0 65207265 0 77726974 0 616e6420 0 61676520 0 6d657373 0 70696e20 0 2073746f 0 6c696e67 0 2066616c 0 73742061 0 65717565 0 523a2052 0 4552524f 0 a 
_C_7c31_5fb2197b_2a 8c 0 150 0 0 6b0a0a0a 0 626c6f63 0 65726d20 0 70792070 0 20686170 0 27732061 0 2c204974 0 206a6f79 0 77686174 0 a4f6820 0 a0a 
_C_7c31_5fb2197b_f 84 0 8 0 0 17 
_C_7c31_5fb2197b_10 84 0 8 0 0 12 
_C_7c31_5fb2197b_34 84 0 20 0 0 0 
_C_7c31_5fb2197b_2b 8c 0 40 0 0 2e766364 0 7065726d 
_C_7c31_5fb2197b_2d 84 0 20 0 0 1 
_C_7c31_5fb2197b_28 8c 0 120 0 0 a25730a 0 63746c79 0 6f727265 0 6e652063 0 65206c69 0 616e646c 0 27742068 0 6469646e 0 596f7520 
_C_7c31_5fb2197b_15 8c 0 20 0 0 20202573 
_C_7c31_5fb2197b_2c 84 0 20 0 0 9 
_C_7c31_5fb2197b_17 94 0 20 0 0 5 
_C_7c31_5fb2197b_8 94 0 25 0 0 0 0 0 
_C_7c31_5fb2197b_1c 94 0 20 0 0 7 
_C_7c31_5fb2197b_1d 94 0 20 0 0 0 
_C_7c31_5fb2197b_23 94 0 20 0 0 1 
_C_7c31_5fb2197b_1b 94 0 20 0 0 3 
_C_7c31_5fb2197b_2e 84 0 640 0 0 deaddead 0 deaddead 0 0 0 0 0 0 0 0 0 0 0 0 0 0 0 0 0 0 0 0 0 0 0 0 0 0 0 0 0 0 0 0 0 0 0 0 0 0 0 0 0 0 0 0 0 0 0 0 0 0 0 0 0 0 0 0 0 0 0 0 0 0 0 0 0 0 0 0 0 0 0 0 0 0 0 0 0 0 0 0 0 0 0 0 0 0 0 0 0 0 0 0 0 0 0 0 
_C_7c31_5fb2197b_5 c4 0 4 0 0 0 
